111111111111111111111111111111111111111111111111111111111111111111111111111111111111111111111111111111
111111111111111111111111111111111111111111111111111111111111111111111111111111111111111110011111111111
111111111111001111111111111100011111001111110011111111111111111111111110000011111111111100000001111111
111111111110000011111111110000000000000110000000001111111111111111111100000001111111111000000000111111
111111111000000000110000000000000000000000000000000111111111111111111000000001111111110000000000111111
111111110000000000000000000000000000000000000000000011001111111111100000000001111111100000000001111111
111111110000000000000011001111000000000000000000000000000111111111000000000001111111100000001111111111
111111111000000000000111111111111111100000000000000000000111111111000000000001111111110000011111111111
111111111100000000011111111111111111110000000000000000001111111110000000000000111111110000011111111111
111111111111000000111111111111111111110000000000000000001111111100000000000000000111100000001111111111
111111100111100001111111111111000111100000000000000000000111111000000000000000000011000000000111111111
111111000011111111111111111110000000000000000000000000000000000000000000000000000000000000000111111111
111100000001111111111111111110000000000000000000000000000000000000000000000000000000110000000111111111
111000000001111111111110001100000000000000000000000000000000000000000000001100000001111000001111111111
111000000001111111111100000000000000000000000000000000000000000000000000011110000001111000001111111111
111100000001111111100000000011000000000000000000000000000000000000000000011111000000110000011111111111
111110000001111111000000001111100000000000000000000000000000000000000000111111000000000000011111111111
111111000000111110000000011111110000000000000000000000000000000000000000111111000000000000011111111111
111111000000011110000000011111110000000000000000000000000000000000000000111111000000000000011111111111
111111000000001100000000011111100000000000000000000000000000000000000000011110000000000000111111111111
111110000000000000000000111111100000000000000000000000000000000000000000000000000000000001111111111111
111110000000000000000011111111100000000000000000000000000000000000000000000000000000000011111111111111
111110000000000000000111111111110000000000000000000000000000011000000000000000000000000011111111111111
111100000011110000000111111111111000000000000000000000000000111100000000000000000000000011111111111111
111100000111111100001111111111111100000000000000000000000000111100000000000000000000000011111111111111
111100001111111111111111111111111100000000000011100000000001111110000000000000000000000011111111111111
111100001111111111111111111111111000000000001111110000000011111110000000000000000000000001111111111111
111100000111111111111111111111110000000000011111111000000111111110000000000000000000000000000001111111
111100000011111111111111111111100000000011111111111000001111111111000000000000000000000000000000111111
111100000001111111111111111111100000000111111111110000001111111111000000000000000000000000000000011111
111000000001111111111111111111100000111111111111000000000111111111100000000000000000000000000000011111
111000000001111111100001111111100001111111111110000000000111111111110000000000000000000000000000011111
110000000011111111000000111111100001111111111110000000000111111111111000000000000000000000000000001111
100000000111111111000000111111100000111111111100000000000111111111111000000000000000000000000000001111
100000000111111111000001111111100000011111111000000000001111111111110000000000000000000000000000000111
100000000111111110000001111111000000011111000000000000001111111111110000000000000000000000000000000111
110000000011111000000000111110000000001110000000000000011111111100111000000011000000000000000000001111
110000000000000000000000001100000000000000000000000000111111111000011111111111110000000000000000011111
110000000000000000000000000000000000000000000000000000111111111000011111111111111000000000000000111111
110000000000000000000000000000000000000000011000110001111111111100111111111111111100000000000000111111
110000000000000000000000000000000000000000111111111111111111111111111111111111111100000000111000011111
111000000000000000000000000000000000000000111111111111111111111111110011111111111000000001111100001111
111100000000000000000000000000000000000000111111111111111111111111100001110000110000000001111100000111
111110000000000000000000000000000000000000111111111111111111111111100000000000000000000000111000000111
111111000000000000000000000000000000000000011111111111111111111111100000000000000000000000000000000111
111111000000000000000000000000000000000000011111111111111100111111100000000000000000000000000000001111
111111100000000000000000000000000000000000011111111111111000011111100000000000000000000000000000001111
111111100000000000000000000011000000000000011111111111111000011111000000000000000000000000000000000111
111111000000000000000000000111100000000000011111111111110000111110000000000000000000000000000000000111
111100000000000000000000001111100000000000001111111111100000111100000000000000000000000000000000000111
111000000000000000000000001111000000000000000111111111100000011000000110000000000000000000000000001111
110000000000000000000000000110000000000000000111111111100000000000001111110000000000000000000000011111
100000000000000000000000000000000000000000000111111111100000000000001111111000000000000000000000011111
100000000000000000000000000000000000000000000111111111110000011110011111111000000000000000000000001111
110000000000000001100000000000000000000000000111111111111111111111111111110000000000000000000000000011
110000000000110011110000000000000000000000000011111111111111111111111111110000000000000000000000000001
110000000001111111110000000000000000000000000011111111111111111111111111100000000000000000000000000001
110000000011111111110000000000000000000000000011111111111111111111111111000000000000000000000000000011
111000000111111111110000000000000000000000000011111111111111111111111100000000000000000000000000000011
111100000111111111100000000000000000000000000001111000001111111111111000000000000000000000000000000011
111110001111111111100000000000000000000000000000000000000111111111111000000000000000000000000000000011
111111111111111111100000000000000000000000000000000000000011111111111000000000000000000000000000000011
111111111111111111000000000000000000000000000000000000000001111111110000000000000000000000000111000111
111111111111111100000000000000000000000000000000000000000000011000000000000000000000000000001111111111
111111111111111000000000000000000000000000000000000000000000000000000000000000000000000000011111111111
111111111111111000000000000000000000000000000000000000000000000000000000011000000000000000011111111111
111111111111111100000000000000000000000000000000000000000000000000000000111100000000000000011111111111
111111111111111100000000000000000000000000000000000000000000000000000001111110000000000000011111111111
111111111111111000000000000000000000000000000000000000000000000000011111111110000000000000011111111111
111000011100110000000000000000000000000000000000000000000000000000111111111111000000000000111111111111
110000000000000000000000000000000000000000000000000000000000000001111111001111100000000001111111111111
110000000000000000000000000000000000000000000000001110000000000001111110000111100000000111111111111111
110000000000000000000000000000000000000000000000111111000000000011111100000011000000001111111111111111
110000000000000000000000000000000000000000000001111111000000000011111000000000000000011111111111111111
110000000000001100000000000000000000000000000001111111000000000011111000000000000000111111111111111111
110000000000011110000000000000001100000000000011111111000000000001111100000000000011111111111111111111
111000000000011111000000000000011110000000000011111111000000000000111110000000000111111111111111111111
111000000000111111000000000000111110000000000111111111100000000000011111000011001111111111111001111111
111100000011111111000000000000111100000000001111111111110000000000001111100111111111111111110000111111
111110000111111111000000000000111100000000001111111111111000000000000111111111111111111110000000111111
111110000111111111100000000000111100000000000111111111111000000000000011111111111111111100000000111111
111110000011111111110000000001111100000000000001111111111100000000000011111111111111111100000000011111
111110000011111111110000000001111110000000000000111111111100000000000001111111111111111000000000011111
111111000111111111100000000001111110000000000000111111111100000000000000111111111111110000000000001111
111111111111111111000000000001111100000000000000011111111100000000000000111111111111100000000000000111
111111111111111110000000000011111000000000000000001111111100000000000000111111111111000000000000000111
111111111111111100000000000111110000000000000000001111111110000011000000111111111110000000000110001111
111111111111100000000000000111110000000000000000011111111111000111100000111111111100000000001111111111
111111111110000000000000001111110000000000011111111111111111000111111000011111111100000000001111111111
111111111100000000000000001111111000000000111111111111111110000111111100001111111100000000001111111111
111111111000000000000000000111111000000000111111111111111100000011111100000111111000000000000111111111
111111110000000011000000000111111000000000011111000111111000000011111100000111111000000000000111111111
111111110000000111100000000111111000000000011110000001100000000111111000000111111000000000001111111111
111111100000000111100000000111111000000000011110000000000000001111110000000111111000000000011111111111
111111100000000011000000000111111000000000011111000000000000001111000000000011111000000000011111111111
111111110000000000000000000011111000000000011111000000000000011110000000000001110000000000011111111111
111111111111000000000000000011111100000000011111100000000000011100000000000000000000000000011111111111
111111111111100000000000000111111111000000111111100000000000111100000000011000000000011000011111111111
111111111111110000000000001111111111100001111111100000001111111110000000111110001111111100111111111111
111111111111111000011111111111111111110011111111110000011111111111111111111111111111111111111111111111
111111111111111111111111111111111111111111111111111000111111111111111111111111111111111111111111111111
111111111111111111111111111111111111111111111111111111111111111111111111111111111111111111111111111111
