111111111111111111111111111111
111111111100111111111111111111
111100000000111111111001111111
111000000000111111110000111111
111000001111111111110000011111
111000011111111111111000001111
110000011111111111111000001111
110000011111111111111000001111
111000001111111111110000001111
111100000111111111100000001111
111100000001111111000000011111
111100000000111110000001111111
111110000000111100000011111111
111111110000111100000111100111
111111111000011100001111000111
111111111000001000011111000111
111111110000000000111110000111
111111110000000001111110000111
111111110000000001111100000111
111111111000000001111100000111
111111111100000011111110001111
111111111110000111111111111111
111111111110001111111111111111
111111111100001111111111111111
111111110000000111111111111111
111111100000000011111111111111
111111100000000011111111111111
111111110000000111111111111111
111111111111001111111111111111
111111111111111111111111111111
